70
1
0 4 1 2 3 4
1 0
2 0
3 0
4 0
5 2 1 20
6 1 1
7 1 2
8 1 2
9 1 3
10 1 3
11 1 4
12 2 4 13
13 1 5
14 2 5 6
15 2 6 7
16 2 7 8
17 2 8 9
18 2 9 10
19 2 10 11
20 1 11
21 2 5 22
22 0
23 1 6
24 1 7
25 1 9
26 1 11
27 1 28
28 1 12
29 2 21 30
30 1 31
31 2 23 32
32 1 33
33 1 34
34 2 26 35
35 1 36
36 1 28
37 1 30
38 1 31
39 1 32
40 1 33
41 1 32
42 1 33
43 1 34
44 1 35
45 1 30
46 1 31
47 1 32
48 1 33
49 1 32
50 1 33
51 1 34
52 1 35
53 1 37
54 1 38
55 1 39
56 1 40
57 1 41
58 1 42
59 1 43
60 1 44
61 2 53 45
62 2 54 46
63 2 55 47
64 2 56 48
65 2 57 49
66 2 58 50
67 2 59 51
68 2 60 52
69 1 61
70 2 61 62
71 2 62 63
72 2 63 64
73 2 64 65
74 2 65 66
75 2 66 67