100
1
0 6 1 2 3 4 5 6
1 0
2 0
3 0
4 0
5 0
6 0
7 2 1 8
8 1 9
9 3 1 2 10
10 1 11
11 3 2 3 12
12 3 4 5 13
13 1 14
14 3 5 6 15
15 1 16
16 1 6
17 1 8
18 1 8
19 1 8
20 2 10 21
21 1 22
22 1 23
23 1 13
24 1 15
25 1 15
26 1 15
27 1 17
28 1 18
29 2 19 30
30 2 21 31
31 0
32 1 33
33 2 22 34
34 1 24
35 1 25
36 1 26
37 1 27
38 3 27 28 29
39 2 29 40
40 0
41 1 31
42 2 41 32
43 2 33 44
44 0
45 3 34 35 36
46 1 36
47 1 37
48 3 37 38 39
49 0
50 1 51
51 2 40 41
52 3 42 43 53
53 0
54 0
55 3 44 45 46
56 1 46
57 2 47 58
58 2 47 49
59 0
60 1 49
61 1 51
62 1 52
63 1 54
64 0
65 3 54 56 66
66 1 56
67 1 68
68 1 59
69 2 59 70
70 1 61
71 0
72 0
73 2 62 74
74 1 64
75 2 64 76
76 0
77 1 67
78 1 67
79 1 68
80 1 69
81 2 70 71
82 2 72 73
83 1 74
84 1 75
85 1 76
86 1 76
87 1 88
88 1 78
89 1 79
90 3 79 80 91
91 1 81
92 2 82 93
93 2 83 84
94 1 84
95 2 85 96
96 0
97 1 88
98 2 88 89
99 2 89 90
100 1 90